[026,1]
026

[b,2]
123123

[1,4]
12345678

[2,100]
80871224585914546619083218645595

[3,100]
19617804207202209144916044189917

[4,100]
69317163492948606335995924319873
[input,100]
59773775883217736423759431065821647306353420453506194937477909478357279250527959717515453593953697526882172199401149893789300695782513381578519607082690498042922082853622468730359031443128253024761190886248093463388723595869794965934425375464188783095560858698959059899665146868388800302242666479679987279787144346712262803568907779621609528347260035619258134850854741360515089631116920328622677237196915348865412336221562817250057035898092525020837239100456855355496177944747496249192354750965666437121797601987523473707071258599440525572142300549600825381432815592726865051526418740875442413571535945830954724825314675166862626566783107780527347044
